# Black Body
# teff = 200 K (value for the effective temperature for the model. Temperatures are given in K)
#
# column 1: WAVELENGTH (ANGSTROM), Wavelength in Angstrom
# column 2: FLUX (ERG/CM2/S/A), Flux in erg/cm2/s/A
              1               0 
             11               0 
             21               0 
             31               0 
             41               0 
             51               0 
             61               0 
             71               0 
             81               0 
             91               0 
            101               0 
            111               0 
            121               0 
            131               0 
            141               0 
            151               0 
            161               0 
            171               0 
            181               0 
            191               0 
            202               0 
            212               0 
            222               0 
            232               0 
            242               0 
            252               0 
            262               0 
            272               0 
            282               0 
            292               0 
            303               0 
            315               0 
            327               0 
            339               0 
            351               0 
            363               0 
            375               0 
            387               0 
            399               0 
            410               0 
            422               0 
            434               0 
            446               0 
            458               0 
            470               0 
            482               0 
            494               0 
            507               0 
            517               0 
            527               0 
            537               0 
            547               0 
            557               0 
            567               0 
            577               0 
            587               0 
            597               0 
            608               0 
            620               0 
            632               0 
            644               0 
            656               0 
            668               0 
            680               0 
            692               0 
            704               0 
            718               0 
            732               0 
            746               0 
            760               0 
            774               0 
            788               0 
            802               0 
            818               0 
            834               0 
            850               0 
            866               0 
            882               0 
            898               0 
            915               0 
            933               0 
            951               0 
            969               0 
            987               0 
           1005               0 
           1015               0 
           1025               0 
           1035               0 
           1045               0 
           1055               0 
           1065               0 
           1075    1.94819e-279 
           1085    8.87434e-277 
           1095    3.61327e-274 
           1105    1.31902e-271 
           1116     7.6841e-269 
           1127    3.95135e-266 
           1138    1.80003e-263 
           1149    7.28972e-261 
           1160    2.63326e-258 
           1171    8.51193e-256 
           1182    2.46982e-253 
           1193    6.45211e-251 
           1204    1.52191e-248 
           1216    5.26763e-246 
           1228    1.62557e-243 
           1240    4.48752e-241 
           1252    1.11177e-238 
           1264    2.47953e-236 
           1276    4.99299e-234 
           1288    9.10397e-232 
           1300    1.50721e-229 
           1313      3.436e-227 
           1326    7.03863e-225 
           1339    1.29967e-222 
           1352    2.16967e-220 
           1365    3.28413e-218 
           1378     4.5198e-216 
           1391    5.67088e-214 
           1404    6.50328e-212 
           1418     9.7409e-210 
           1432    1.32227e-207 
           1446    1.63131e-205 
           1460     1.8342e-203 
           1474    1.88451e-201 
           1488    1.77379e-199 
           1502    1.53328e-197 
           1517    1.66266e-195 
           1532    1.64407e-193 
           1547    1.48642e-191 
           1562    1.23194e-189 
           1577    9.38306e-188 
           1592     6.5833e-186 
           1607     4.2647e-184 
           1623    3.34953e-182 
           1639    2.41474e-180 
           1655    1.60187e-178 
           1671    9.80163e-177 
           1687    5.54473e-175 
           1703    2.90628e-173 
           1720    1.79888e-171 
           1737    1.02656e-169 
           1754    5.41399e-168 
           1771    2.64476e-166 
           1788    1.19933e-164 
           1805    5.05938e-163 
           1823     2.4638e-161 
           1841    1.11149e-159 
           1859     4.6555e-158 
           1877    1.81432e-156 
           1895     6.5924e-155 
           1913    2.23777e-153 
           1932    8.59964e-152 
           1951     3.0766e-150 
           1970    1.02681e-148 
           1989    3.20336e-147 
           2008    9.35942e-146 
           2028    3.04898e-144 
           2048    9.27473e-143 
           2068    2.63971e-141 
           2088    7.04288e-140 
           2108    1.76476e-138 
           2129    4.86486e-137 
           2150    1.25634e-135 
           2171    3.04526e-134 
           2192    6.94083e-133 
           2213    1.49015e-131 
           2235    3.47873e-130 
           2257    7.63358e-129 
           2279    1.57738e-127 
           2301    3.07463e-126 
           2324    6.45593e-125 
           2347    1.27644e-123 
           2370    2.38057e-122 
           2393      4.195e-121 
           2416    6.99617e-120 
           2440    1.24552e-118 
           2464    2.09544e-117 
           2488    3.33691e-116 
           2512    5.03783e-115 
           2537    8.06002e-114 
           2562    1.22102e-112 
           2587    1.75423e-111 
           2612    2.39386e-110 
           2638    3.43938e-109 
           2664     4.6888e-108 
           2690    6.07443e-107 
           2716    7.48945e-106 
           2743    9.66618e-105 
           2770    1.18631e-103 
           2797    1.38648e-102 
           2824    1.54529e-101 
           2852    1.79366e-100 
           2880     1.98408e-99 
           2908     2.09448e-98 
           2937     2.29278e-97 
           2966     2.39395e-96 
           2995     2.38745e-95 
           3024     2.27716e-94 
           3054     2.24309e-93 
           3084     2.11234e-92 
           3114     1.90419e-91 
           3145     1.76661e-90 
           3176     1.56847e-89 
           3207     1.33436e-88 
           3239     1.16462e-87 
           3271     9.73818e-87 
           3303     7.81076e-86 
           3336     6.40893e-85 
           3369     5.04382e-84 
           3402     3.81194e-83 
           3436     2.93962e-82 
           3470     2.17691e-81 
           3504     1.54992e-80 
           3539     1.12338e-79 
           3574     7.82869e-79 
           3609     5.25159e-78 
           3645     3.57879e-77 
           3681     2.34786e-76 
           3717     1.48448e-75 
           3754     9.51722e-75 
           3791     5.88145e-74 
           3828     3.50722e-73 
           3866      2.1171e-72 
           3904     1.23342e-71 
           3943     7.26227e-71 
           3982     4.12801e-70 
           4021     2.26758e-69 
           4061     1.25714e-68 
           4101     6.73732e-68 
           4142     3.63907e-67 
           4183     1.90074e-66 
           4224     9.60978e-66 
           4266     4.89138e-65 
           4308      2.4108e-64 
           4351     1.19486e-63 
           4394     5.73664e-63 
           4437     2.67046e-62 
           4481     1.24902e-61 
           4525     5.66651e-61 
           4570     2.58046e-60 
           4615     1.14033e-59 
           4661     5.05375e-59 
           4707     2.17446e-58 
           4754     9.37529e-58 
           4801      3.9263e-57 
           4849     1.64648e-56 
           4897     6.70991e-56 
           4945     2.65964e-55 
           4994     1.05517e-54 
           5043     4.07366e-54 
           5093     1.57316e-53 
           5143     5.91487e-53 
           5194     2.22333e-52 
           5245     8.14086e-52 
           5297     2.97855e-51 
           5349     1.06214e-50 
           5402     3.78291e-50 
           5456     1.34476e-49 
           5510     4.66074e-49 
           5565     1.61169e-48 
           5620      5.4369e-48 
           5676     1.82935e-47 
           5732     6.00808e-47 
           5789     1.96755e-46 
           5846     6.29305e-46 
           5904     2.00649e-45 
           5963     6.37428e-45 
           6022      1.9787e-44 
           6082     6.11877e-44 
           6142     1.84996e-43 
           6203     5.57092e-43 
           6265     1.67022e-42 
           6327     4.89854e-42 
           6390     1.43019e-41 
           6453     4.08723e-41 
           6517     1.16269e-40 
           6582     3.29111e-40 
           6647     9.12377e-40 
           6713     2.51671e-39 
           6780     6.90529e-39 
           6847      1.8567e-38 
           6915     4.96582e-38 
           6984     1.32071e-37 
           7053     3.44429e-37 
           7123     8.93253e-37 
           7194     2.30315e-36 
           7265     5.82667e-36 
           7337     1.46561e-35 
           7410     3.66457e-35 
           7484     9.10628e-35 
           7558     2.22181e-34 
           7633     5.38809e-34 
           7709      1.2985e-33 
           7786     3.10928e-33 
           7863     7.31543e-33 
           7941     1.71036e-32 
           8020     3.97319e-32 
           8100      9.1693e-32 
           8181     2.10195e-31 
           8262     4.73841e-31 
           8344     1.06123e-30 
           8427     2.36105e-30 
           8511     5.21767e-30 
           8596     1.14521e-29 
           8681     2.47397e-29 
           8767     5.30921e-29 
           8854     1.13176e-28 
           8942      2.3963e-28 
           9031     5.03917e-28 
           9121     1.05241e-27 
           9212     2.18272e-27 
           9304     4.49552e-27 
           9397     9.19421e-27 
           9490     1.85331e-26 
           9584     3.71057e-26 
           9679     7.37872e-26 
           9775     1.45733e-25 
           9872     2.85868e-25 
           9970     5.56925e-25 
          10069     1.07758e-24 
          10169      2.0707e-24 
          10270     3.95189e-24 
          10372     7.49053e-24 
          10475     1.41008e-23 
          10579     2.63635e-23 
          10684     4.89551e-23 
          10790     9.02891e-23 
          10897     1.65396e-22 
          11005     3.00938e-22 
          11115     5.46812e-22 
          11226     9.86712e-22 
          11338     1.76828e-21 
          11451     3.14732e-21 
          11565     5.56384e-21 
          11680     9.76953e-21 
          11796     1.70395e-20 
          11913     2.95222e-20 
          12032      5.1044e-20 
          12152     8.76617e-20 
          12273     1.49544e-19 
          12395     2.53425e-19 
          12518     4.26655e-19 
          12643     7.16571e-19 
          12769     1.19555e-18 
          12896     1.98169e-18 
          13024     3.26353e-18 
          13154     5.36041e-18 
          13285     8.74754e-18 
          13417     1.41836e-17 
          13551     2.29335e-17 
          13686      3.6844e-17 
          13822      5.8818e-17 
          13960      9.3623e-17 
          14099     1.48085e-16 
          14239     2.32771e-16 
          14381     3.64784e-16 
          14524     5.68132e-16 
          14669     8.82084e-16 
          14815     1.36112e-15 
          14963     2.09363e-15 
          15112     3.20077e-15 
          15263      4.8775e-15 
          15415     7.38787e-15 
          15569     1.11535e-14 
          15724     1.67383e-14 
          15881     2.50361e-14 
          16039     3.72279e-14 
          16199     5.51712e-14 
          16360     8.12905e-14 
          16523     1.19372e-13 
          16688     1.74696e-13 
          16854     2.54205e-13 
          17022     3.68639e-13 
          17192     5.32739e-13 
          17363     7.65593e-13 
          17536     1.09644e-12 
          17711     1.56481e-12 
          17888     2.22545e-12 
          18066     3.14777e-12 
          18246     4.43689e-12 
          18428     6.23214e-12 
          18612     8.72311e-12 
          18798     1.21667e-11 
          18985     1.68805e-11 
          19174     2.33393e-11 
          19365     3.21571e-11 
          19558     4.41519e-11 
          19753     6.04093e-11 
          19950     8.23644e-11 
          20149     1.11907e-10 
          20350     1.51515e-10 
          20553     2.04426e-10 
          20758     2.74857e-10 
          20965      3.6827e-10 
          21174     4.91723e-10 
          21385     6.54296e-10 
          21598     8.67627e-10 
          21813      1.14658e-9 
          22031      1.51195e-9 
          22251      1.98689e-9 
          22473      2.60207e-9 
          22697      3.39615e-9 
          22923      4.41756e-9 
          23152      5.73334e-9 
          23383      7.41586e-9 
          23616      9.55996e-9 
          23852      1.22959e-8 
          24090      1.57619e-8 
          24330      2.01379e-8 
          24573      2.56696e-8 
          24818      3.26129e-8 
          25066       4.1338e-8 
          25316      5.22258e-8 
          25569       6.5827e-8 
          25824      8.27012e-8 
          26082      1.03657e-7 
          26342      1.29507e-7 
          26605      1.61422e-7 
          26871      2.00728e-7 
          27139      2.48814e-7 
          27410      3.07693e-7 
          27684      3.79605e-7 
          27960      4.66865e-7 
          28239      5.72835e-7 
          28521      7.01203e-7 
          28806      8.56311e-7 
          29094      1.04326e-6 
          29384      1.26718e-6 
          29677      1.53556e-6 
          29973      1.85644e-6 
          30272      2.23914e-6 
          30574      2.69444e-6 
          30879       3.2348e-6 
          31187      3.87451e-6 
          31498      4.63002e-6 
          31812      5.52011e-6 
          32130      6.56977e-6 
          32451        7.801e-6 
          32775       9.2417e-6 
          33102      1.09235e-5 
          33433      1.28884e-5 
          33767      1.51721e-5 
          34104      1.78201e-5 
          34445      2.08928e-5 
          34789      2.44404e-5 
          35136      2.85264e-5 
          35487      3.32363e-5 
          35841       3.8638e-5 
          36199      4.48375e-5 
          36560      5.19177e-5 
          36925      6.00089e-5 
          37294      6.92374e-5 
          37666      7.97123e-5 
          38042      9.16092e-5 
          38422     0.000105095 
          38806     0.000120351 
          39194     0.000137577 
          39585     0.000156938 
          39980     0.000178708 
          40379     0.000203142 
          40782     0.000230512 
          41189     0.000261114 
          41600     0.000295263 
          42016     0.000333397 
          42436     0.000375801 
          42860     0.000422865 
          43288     0.000475005 
          43720     0.000532661 
          44157     0.000596451 
          44598     0.000666744 
          45043     0.000744062 
          45493     0.000829149 
          45947     0.000922418 
          46406      0.00102471 
          46870       0.0011367 
          47338      0.00125884 
          47811      0.00139211 
          48289      0.00153729 
          48771      0.00169485 
          49258      0.00186591 
          49750      0.00205132 
          50247      0.00225198 
          50749      0.00246878 
          51256      0.00270266 
          51768      0.00295457 
          52285      0.00322546 
          52807      0.00351631 
          53335      0.00382872 
          53868      0.00416314 
          54406      0.00452058 
          54950      0.00490275 
          55499      0.00531002 
          56053      0.00574336 
          56613       0.0062046 
          57179      0.00669483 
          57750      0.00721419 
          58327      0.00776457 
          58910      0.00834701 
          59499      0.00896249 
          60093      0.00961085 
          60693        0.010294 
          61299       0.0110129 
          61911       0.0117682 
          62530       0.0125622 
          63155       0.0133941 
          63786       0.0142648 
          64423       0.0151746 
          65067       0.0161257 
          65717        0.017117 
          66374       0.0181504 
          67037       0.0192246 
          67707       0.0203414 
          68384       0.0215011 
          69067       0.0227018 
          69757       0.0239453 
          70454       0.0252314 
          71158       0.0265598 
          71869       0.0279302 
          72587        0.029342 
          73312       0.0307947 
          74045       0.0322895 
          74785       0.0338238 
          75532       0.0353964 
          76287       0.0370084 
          77049       0.0386567 
          77819        0.040342 
          78597        0.042063 
          79382       0.0438161 
          80175       0.0456017 
          80976       0.0474183 
          81785        0.049264 
          82602        0.051137 
          83428       0.0530375 
          84262       0.0549612 
          85104       0.0569058 
          85955       0.0588715 
          86814       0.0608535 
          87682       0.0628517 
          88558       0.0648615 
          89443       0.0668825 
          90337       0.0689121 
          91240       0.0709476 
          92152       0.0729864 
          93073       0.0750258 
          94003       0.0770629 
          94943       0.0790972 
          95892       0.0811237 
          96850       0.0831396 
          97818       0.0851442 
          98796       0.0871346 
          99783        0.089106 
         100780       0.0910577 
         101787        0.092987 
         102804        0.094891 
         103832       0.0967689 
         104870       0.0986162 
         105918         0.10043 
         106977        0.102211 
         108046        0.103953 
         109126        0.105656 
         110217        0.107318 
         111319        0.108936 
         112432        0.110509 
         113556        0.112034 
         114691        0.113509 
         115837        0.114933 
         116995        0.116304 
         118164         0.11762 
         119345        0.118881 
         120538        0.120084 
         121743         0.12123 
         122960        0.122315 
         124189         0.12334 
         125430        0.124303 
         126684        0.125204 
         127950        0.126042 
         129229        0.126815 
         130521        0.127525 
         131826         0.12817 
         133144         0.12875 
         134475        0.129265 
         135819        0.129715 
         137177          0.1301 
         138548        0.130419 
         139933        0.130674 
         141332        0.130865 
         142745        0.130991 
         144172        0.131054 
         145613        0.131054 
         147069        0.130991 
         148539        0.130868 
         150024        0.130683 
         151524        0.130439 
         153039        0.130137 
         154569        0.129776 
         156114         0.12936 
         157675        0.128888 
         159251        0.128362 
         160843        0.127783 
         162451        0.127153 
         164075        0.126472 
         165715        0.125744 
         167372        0.124968 
         169045        0.124147 
         170735        0.123281 
         172442        0.122373 
         174166        0.121424 
         175907        0.120436 
         177666         0.11941 
         179442        0.118348 
         181236        0.117252 
         183048        0.116123 
         184878        0.114962 
         186726        0.113773 
         188593        0.112555 
         190478        0.111311 
         192382        0.110043 
         194305        0.108752 
         196248        0.107438 
         198210        0.106106 
         200192        0.104754 
         202193        0.103387 
         204214        0.102004 
         206256        0.100606 
         208318       0.0991972 
         210401       0.0977768 
         212505       0.0963469 
         214630       0.0949089 
         216776       0.0934642 
         218943       0.0920144 
         221132       0.0905602 
         223343        0.089103 
         225576        0.087644 
         227831       0.0861847 
         230109       0.0847256 
         232410        0.083268 
         234734        0.081813 
         237081       0.0803619 
         239451       0.0789157 
         241845       0.0774749 
         244263       0.0760406 
         246705       0.0746137 
         249172       0.0731947 
         251663        0.071785 
         254179       0.0703849 
         256720       0.0689953 
         259287       0.0676165 
         261879       0.0662498 
         264497       0.0648954 
         267141       0.0635539 
         269812       0.0622256 
         272510        0.060911 
         275235       0.0596109 
         277987       0.0583257 
         280766       0.0570559 
         283573       0.0558017 
         286408       0.0545634 
         289272       0.0533411 
         292164       0.0521356 
         295085       0.0509468 
         298035       0.0497751 
         301015       0.0486205 
         304025       0.0474832 
         307065       0.0463634 
         310135       0.0452615 
         313236       0.0441773 
         316368       0.0431109 
         319531       0.0420626 
         322726       0.0410322 
         325953       0.0400197 
         329212       0.0390254 
         332504       0.0380489 
         335829       0.0370903 
         339187       0.0361498 
         342578       0.0352273 
         346003       0.0343226 
         349463       0.0334354 
         352957       0.0325659 
         356486        0.031714 
         360050       0.0308794 
         363650       0.0300621 
         367286       0.0292618 
         370958       0.0284785 
         374667        0.027712 
         378413       0.0269621 
         382197       0.0262285 
         386018       0.0255113 
         389878         0.02481 
         393776       0.0241247 
         397713        0.023455 
         401690       0.0228007 
         405706       0.0221617 
         409763       0.0215376 
         413860       0.0209283 
         417998       0.0203336 
         422177       0.0197533 
         426398       0.0191871 
         430661       0.0186348 
         434967       0.0180961 
         439316       0.0175708 
         443709       0.0170586 
         448146       0.0165593 
         452627       0.0160728 
         457153       0.0155987 
         461724       0.0151369 
         466341        0.014687 
         471004        0.014249 
         475714       0.0138224 
         480471       0.0134071 
         485275        0.013003 
         490127       0.0126096 
         495028       0.0122269 
         499978       0.0118545 
         504977       0.0114923 
         510026       0.0111401 
         515126       0.0107975 
         520277       0.0104644 
         525479       0.0101406 
         530733      0.00982591 
         536040      0.00952003 
         541400      0.00922281 
         546814      0.00893401 
         552282      0.00865346 
         557804        0.008381 
         563382      0.00811634 
         569015      0.00785938 
         574705      0.00760987 
         580452      0.00736763 
         586256      0.00713251 
         592118      0.00690431 
         598039      0.00668284 
         604019      0.00646795 
         610059      0.00625946 
         616159      0.00605721 
         622320      0.00586103 
         628543      0.00567075 
         634828      0.00548623 
         641176      0.00530731 
         647587      0.00513384 
         654062      0.00496568 
         660602      0.00480266 
         667208      0.00464465 
         673880      0.00449151 
         680618      0.00434313 
         687424      0.00419934 
         694298      0.00406003 
         701240      0.00392509 
         708252      0.00379437 
         715334      0.00366776 
         722487      0.00354514 
         729711       0.0034264 
         737008      0.00331141 
         744378      0.00320008 
         751821      0.00309231 
         759339      0.00298797 
         766932      0.00288698 
         774601      0.00278924 
         782347      0.00269463 
         790170      0.00260309 
         798071      0.00251452 
         806051      0.00242881 
         814111       0.0023459 
         822252      0.00226568 
         830474      0.00218808 
         838778      0.00211303 
         847165      0.00204045 
         855636      0.00197025 
         864192      0.00190236 
         872833      0.00183672 
         881561      0.00177325 
         890376      0.00171189 
         899279      0.00165256 
         908271      0.00159522 
         917353      0.00153978 
         926526       0.0014862 
         935791      0.00143442 
         945148      0.00138437 
         954599      0.00133601 
         964144      0.00128928 
         973785      0.00124412 
         983522      0.00120049 
         993357      0.00115834 
     1.00329e+6      0.00111762 
     1.01332e+6      0.00107828 
     1.02346e+6      0.00104028 
     1.03369e+6      0.00100358 
     1.04402e+6     0.000968136 
     1.05446e+6     0.000933901 
     1.06501e+6      0.00090084 
     1.07566e+6     0.000868912 
     1.08642e+6     0.000838084 
     1.09728e+6     0.000808316 
     1.10825e+6     0.000779576 
     1.11933e+6     0.000751828 
     1.13053e+6     0.000725039 
     1.14183e+6     0.000699178 
     1.15325e+6     0.000674214 
     1.16478e+6     0.000650118 
     1.17643e+6      0.00062686 
     1.18819e+6     0.000604412 
     1.20007e+6     0.000582747 
     1.21207e+6     0.000561839 
     1.22419e+6     0.000541662 
     1.23643e+6     0.000522192 
      1.2488e+6     0.000503403 
     1.26128e+6     0.000485275 
      1.2739e+6     0.000467783 
     1.28664e+6     0.000450908 
      1.2995e+6     0.000434626 
      1.3125e+6     0.000418918 
     1.32562e+6     0.000403766 
     1.33888e+6     0.000389149 
     1.35226e+6      0.00037505 
     1.36579e+6      0.00036145 
     1.37944e+6     0.000348333 
     1.39324e+6     0.000335682 
     1.40717e+6      0.00032348 
     1.42124e+6     0.000311713 
     1.43545e+6     0.000300365 
     1.44981e+6     0.000289421 
      1.4643e+6     0.000278868 
     1.47895e+6     0.000268693 
     1.49374e+6     0.000258881 
     1.50867e+6     0.000249421 
     1.52376e+6       0.0002403 
       1.539e+6     0.000231507 
     1.55438e+6     0.000223029 
     1.56993e+6     0.000214857 
     1.58563e+6     0.000206977 
     1.60148e+6     0.000199382 
      1.6175e+6     0.000192061 
     1.63367e+6     0.000185004 
     1.65001e+6     0.000178202 
     1.66651e+6     0.000171645 
     1.68317e+6     0.000165326 
         1.7e+6     0.000159235 
       1.717e+6     0.000153365 
     1.73417e+6     0.000147708 
     1.75151e+6     0.000142257 
     1.76903e+6     0.000137003 
     1.78672e+6     0.000131941 
     1.80459e+6     0.000127062 
     1.82263e+6     0.000122362 
     1.84086e+6     0.000117832 
     1.85926e+6     0.000113468 
     1.87786e+6     0.000109263 
     1.89664e+6     0.000105212 
      1.9156e+6     0.000101309 
     1.93476e+6      9.75481e-5 
      1.9541e+6      9.39253e-5 
     1.97364e+6       9.0435e-5 
     1.99338e+6      8.70728e-5 
     2.01331e+6      8.38339e-5 
     2.03345e+6      8.07139e-5 
     2.05378e+6      7.77084e-5 
     2.07432e+6      7.48135e-5 
     2.09506e+6       7.2025e-5 
     2.11601e+6      6.93391e-5 
     2.13717e+6      6.67521e-5 
     2.15854e+6      6.42605e-5 
     2.18013e+6      6.18607e-5 
     2.20193e+6      5.95495e-5 
     2.22395e+6      5.73235e-5 
     2.24619e+6      5.51798e-5 
     2.26865e+6      5.31154e-5 
     2.29133e+6      5.11273e-5 
     2.31425e+6      4.92128e-5 
     2.33739e+6      4.73691e-5 
     2.36076e+6      4.55938e-5 
     2.38437e+6      4.38843e-5 
     2.40821e+6      4.22382e-5 
     2.43229e+6      4.06531e-5 
     2.45662e+6       3.9127e-5 
     2.48118e+6      3.76574e-5 
     2.50599e+6      3.62426e-5 
     2.53105e+6      3.48803e-5 
     2.55636e+6      3.35688e-5 
     2.58192e+6       3.2306e-5 
     2.60774e+6      3.10903e-5 
     2.63382e+6      2.99199e-5 
     2.66016e+6      2.87931e-5 
     2.68676e+6      2.77084e-5 
     2.71363e+6      2.66641e-5 
     2.74076e+6      2.56588e-5 
     2.76817e+6      2.46911e-5 
     2.79585e+6      2.37595e-5 
     2.82381e+6      2.28628e-5 
     2.85205e+6      2.19996e-5 
     2.88057e+6      2.11687e-5 
     2.90937e+6       2.0369e-5 
     2.93846e+6      1.95991e-5 
     2.96785e+6      1.88582e-5 
     2.99753e+6       1.8145e-5 
      3.0275e+6      1.74585e-5 
     3.05778e+6      1.67978e-5 
     3.08835e+6      1.61619e-5 
     3.11924e+6      1.55499e-5 
     3.15043e+6      1.49609e-5 
     3.18193e+6       1.4394e-5 
     3.21375e+6      1.38484e-5 
     3.24589e+6      1.33234e-5 
     3.27835e+6      1.28181e-5 
     3.31113e+6      1.23318e-5 
     3.34424e+6      1.18639e-5 
     3.37768e+6      1.14135e-5 
     3.41146e+6      1.09802e-5 
     3.44557e+6      1.05631e-5 
     3.48003e+6      1.01618e-5 
     3.51483e+6      9.77566e-6 
     3.54998e+6      9.40407e-6 
     3.58547e+6      9.04651e-6 
     3.62133e+6      8.70245e-6 
     3.65754e+6      8.37139e-6 
     3.69412e+6      8.05283e-6 
     3.73106e+6      7.74632e-6 
     3.76837e+6       7.4514e-6 
     3.80605e+6      7.16764e-6 
     3.84411e+6      6.89462e-6 
     3.88255e+6      6.63192e-6 
     3.92138e+6      6.37918e-6 
     3.96059e+6      6.13601e-6 
     4.00019e+6      5.90205e-6 
      4.0402e+6      5.67697e-6 
      4.0806e+6      5.46041e-6 
      4.1214e+6      5.25207e-6 
     4.16262e+6      5.05162e-6 
     4.20424e+6      4.85878e-6 
     4.24628e+6      4.67327e-6 
     4.28874e+6       4.4948e-6 
     4.33163e+6       4.3231e-6 
     4.37495e+6      4.15793e-6 
      4.4187e+6      3.99903e-6 
     4.46288e+6      3.84617e-6 
     4.50751e+6      3.69913e-6 
     4.55259e+6      3.55768e-6 
     4.59811e+6       3.4216e-6 
     4.64409e+6      3.29071e-6 
     4.69053e+6       3.1648e-6 
     4.73744e+6      3.04368e-6 
     4.78481e+6      2.92717e-6 
     4.83266e+6       2.8151e-6 
     4.88098e+6       2.7073e-6 
     4.92979e+6      2.60361e-6 
     4.97909e+6      2.50387e-6 
     5.02888e+6      2.40794e-6 
     5.07917e+6      2.31566e-6 
     5.12996e+6       2.2269e-6 
     5.18126e+6      2.14153e-6 
     5.23307e+6      2.05942e-6 
      5.2854e+6      1.98044e-6 
     5.33826e+6      1.90447e-6 
     5.39164e+6      1.83141e-6 
     5.44555e+6      1.76114e-6 
     5.50001e+6      1.69355e-6 
     5.55501e+6      1.62855e-6 
     5.61056e+6      1.56603e-6 
     5.66666e+6       1.5059e-6 
     5.72333e+6      1.44807e-6 
     5.78056e+6      1.39245e-6 
     5.83837e+6      1.33896e-6 
     5.89675e+6      1.28751e-6 
     5.95572e+6      1.23804e-6 
     6.01527e+6      1.19046e-6 
     6.07543e+6       1.1447e-6 
     6.13618e+6      1.10069e-6 
     6.19754e+6      1.05837e-6 
     6.25952e+6      1.01767e-6 
     6.32211e+6      9.78525e-7 
     6.38533e+6      9.40884e-7 
     6.44918e+6      9.04685e-7 
     6.51368e+6      8.69874e-7 
     6.57881e+6      8.36398e-7 
      6.6446e+6      8.04205e-7 
     6.71105e+6      7.73247e-7 
     6.77816e+6      7.43477e-7 
     6.84594e+6      7.14849e-7 
      6.9144e+6      6.87319e-7 
     6.98354e+6      6.60847e-7 
     7.05337e+6      6.35391e-7 
     7.12391e+6      6.10912e-7 
     7.19515e+6      5.87373e-7 
      7.2671e+6      5.64738e-7 
     7.33977e+6      5.42973e-7 
     7.41316e+6      5.22043e-7 
      7.4873e+6      5.01919e-7 
     7.56217e+6      4.82567e-7 
     7.63779e+6       4.6396e-7 
     7.71416e+6      4.46068e-7 
     7.79131e+6      4.28863e-7 
     7.86922e+6      4.12321e-7 
     7.94791e+6      3.96414e-7 
     8.02739e+6       3.8112e-7 
     8.10766e+6      3.66413e-7 
     8.18874e+6      3.52273e-7 
     8.27063e+6      3.38677e-7 
     8.35333e+6      3.25604e-7 
     8.43686e+6      3.13035e-7 
     8.52123e+6      3.00949e-7 
     8.60644e+6      2.89329e-7 
     8.69251e+6      2.78156e-7 
     8.77943e+6      2.67413e-7 
     8.86723e+6      2.57085e-7 
      8.9559e+6      2.47154e-7 
     9.04546e+6      2.37606e-7 
     9.13591e+6      2.28426e-7 
     9.22727e+6      2.19599e-7 
     9.31954e+6      2.11113e-7 
     9.41274e+6      2.02954e-7 
     9.50687e+6       1.9511e-7 
     9.60193e+6      1.87568e-7 
     9.69795e+6      1.80317e-7 
     9.79493e+6      1.73345e-7 
     9.89288e+6      1.66643e-7 
     9.99181e+6      1.60199e-7 
