# Kurucz ODFNEW /NOVER models
# teff = 7750 K (value for the effective temperature for the model. Temperatures are given in K)
# logg = 4.00 log(cm/s2) (value for Log(G) for the model.)
# meta = 0  (value for the Metallicity for the model.)
# lh = 1.25  (l/Hp where l is the  mixing length of the convective element and Hp is the pressure scale height)
# vtur = 2.0 km/s (Microturbulence velocity)
#
# column 1: WAVELENGTH (ANGSTROM), Wavelength in Angstrom
# column 2: FLUX (ERG/CM2/S/A), Flux in erg/cm2/s/A
              0               0 
           90.9               0 
            102               0 
            114               0 
          124.8               0 
          136.6               0 
          147.2               0 
          158.8               0 
          170.3               0 
          181.7               0 
          193.9               0 
            205               0 
          216.2               0 
          226.8               0 
            240               0 
          252.4               0 
            264               0 
          278.5               0 
            290               0 
            301               0 
            318               0 
            328               0 
            338               0 
            348     7.34243e-24 
            366     3.02326e-22 
            385     1.02778e-20 
            395     5.68868e-20 
            405     2.87902e-19 
            422      3.7594e-18 
            441     5.17226e-17 
            451     1.86883e-16 
            470     1.82686e-15 
            480     5.60975e-15 
            490     1.64045e-14 
            500     4.57561e-14 
            512     2.20755e-13 
            530     1.15392e-12 
            540     2.70688e-12 
            550     6.22894e-12 
            560     1.37838e-11 
            570     2.95737e-11 
            580      6.0913e-11 
            590     1.24945e-10 
            600      2.4679e-10 
            610     4.76019e-10 
            620     8.96038e-10 
            630      1.64968e-9 
            640      2.97402e-9 
            650      5.25737e-9 
            665      1.19027e-8 
            675      2.00857e-8 
            685      3.33201e-8 
            695      5.43704e-8 
            705      8.69998e-8 
            716      1.44474e-7 
            726      2.25005e-7 
            745      5.02917e-7 
            755      7.54155e-7 
            765      1.11752e-6 
            775       1.6367e-6 
            785      2.37247e-6 
            795      3.36862e-6 
            805      4.80277e-6 
            815      6.76638e-6 
            825      9.41513e-6 
            835      1.29814e-5 
            845      1.77421e-5 
            855      2.40434e-5 
            865      3.23146e-5 
            875      4.29648e-5 
            885      5.70127e-5 
            895      7.49016e-5 
            905      9.73627e-5 
            915       0.0532635 
            925        0.175023 
            935        0.230539 
            945        0.307857 
            955        0.419721 
            965        0.545823 
            975         0.68302 
            985        0.881965 
            995         1.08773 
           1005         1.43482 
           1015         1.80213 
           1025         2.16401 
           1035         2.78803 
           1045         3.46674 
           1055         4.28239 
           1065         5.20176 
           1075         6.42605 
           1085         7.87333 
           1095         9.45327 
           1105         25.4906 
           1115         78.4992 
           1125         112.987 
           1135          158.43 
           1145         198.985 
           1155         218.658 
           1165         294.284 
           1175         345.835 
           1185         365.723 
           1195         215.532 
           1205         204.349 
           1215         62.3781 
           1225         237.154 
           1235         532.902 
           1245         1142.42 
           1255         2489.97 
           1265         2485.13 
           1275         3733.89 
           1285         5181.55 
           1295         6258.08 
           1305         5548.02 
           1315         7910.29 
           1325          9258.7 
           1335         10250.8 
           1345         12347.6 
           1355         12764.1 
           1365         14202.4 
           1375         15414.5 
           1385         16548.1 
           1395           18888 
           1405         21000.4 
           1415         21980.4 
           1425         24418.7 
           1435         24871.7 
           1447         30252.7 
           1465           34120 
           1475           37439 
           1485         41207.1 
           1495         46080.2 
           1505         50554.6 
           1517         55444.8 
           1535         92314.2 
           1545          140077 
           1555          149743 
           1565          137449 
           1575          188804 
           1585          214846 
           1595          247627 
           1605          250400 
           1615          277800 
           1625          307548 
           1635          464777 
           1645          917398 
           1655          496993 
           1665      1.15516e+6 
           1677      1.92911e+6 
           1695      2.54792e+6 
           1705       3.8642e+6 
           1715      6.59528e+6 
           1725      7.21966e+6 
           1735      9.45261e+6 
           1745      8.76284e+6 
           1755      1.13636e+7 
           1765      7.14286e+6 
           1775      1.03897e+7 
           1785      1.03194e+7 
           1795      1.40495e+7 
           1805      1.09563e+7 
           1815      1.21543e+7 
           1825      1.04982e+7 
           1835      1.00091e+7 
           1845      8.39137e+6 
           1855       1.0332e+7 
           1865      1.25749e+7 
           1875      1.17457e+7 
           1885      1.23307e+7 
           1895      1.35448e+7 
           1905      1.22621e+7 
           1915      1.34369e+7 
           1925      1.24946e+7 
           1935      7.80633e+6 
           1945      1.43541e+7 
           1955      1.48365e+7 
           1967      1.67241e+7 
           1984      1.52242e+7 
           1995       1.5141e+7 
           2005      1.38724e+7 
           2015      1.34975e+7 
           2025      1.23521e+7 
           2035      1.48946e+7 
           2045      1.64312e+7 
           2055      1.54045e+7 
           2065      1.46558e+7 
           2078      1.97522e+7 
           2095      1.71618e+7 
           2105      1.58547e+7 
           2115      1.67495e+7 
           2125      1.71895e+7 
           2135      1.35205e+7 
           2145      1.67575e+7 
           2155       1.6823e+7 
           2165      1.53088e+7 
           2175      1.52607e+7 
           2185      1.65686e+7 
           2195       1.8103e+7 
           2205      1.70558e+7 
           2215      1.44834e+7 
           2225      1.43368e+7 
           2235      1.76893e+7 
           2245      1.58757e+7 
           2255      1.39712e+7 
           2265      1.40398e+7 
           2275      1.56344e+7 
           2285      1.68688e+7 
           2295      1.48052e+7 
           2305      1.59044e+7 
           2315        1.511e+7 
           2325      1.46563e+7 
           2335      1.18183e+7 
           2345      9.04723e+6 
           2355      1.41657e+7 
           2365      9.55022e+6 
           2375      1.20467e+7 
           2385      7.78798e+6 
           2395      9.70524e+6 
           2405      9.50744e+6 
           2415      1.01988e+7 
           2425      1.38837e+7 
           2435      1.33499e+7 
           2445      1.48984e+7 
           2455      1.48385e+7 
           2465      1.46886e+7 
           2475      1.32411e+7 
           2485      1.31933e+7 
           2495      1.24366e+7 
           2505      1.64001e+7 
           2518      1.27155e+7 
           2535      9.88808e+6 
           2545      9.69364e+6 
           2555      1.20907e+7 
           2565      1.15157e+7 
           2575      1.38286e+7 
           2585      1.38047e+7 
           2595      1.32342e+7 
           2605      1.20213e+7 
           2615      1.10635e+7 
           2625      1.43232e+7 
           2635      1.56037e+7 
           2645      1.97223e+7 
           2655      2.08075e+7 
           2665      1.64765e+7 
           2675       1.8499e+7 
           2685      1.84419e+7 
           2695      1.64868e+7 
           2705      1.79066e+7 
           2715      1.57321e+7 
           2725      1.60918e+7 
           2735      1.78196e+7 
           2745      1.19628e+7 
           2755      1.35523e+7 
           2765      1.49707e+7 
           2775      1.76237e+7 
           2785      1.49202e+7 
           2795      6.20552e+6 
           2805       8.2097e+6 
           2815      1.81143e+7 
           2825      2.05784e+7 
           2835      1.93221e+7 
           2845      1.81993e+7 
           2855      1.58304e+7 
           2865       1.9445e+7 
           2875       1.9053e+7 
           2885      1.91596e+7 
           2895      1.80692e+7 
           2910      2.17614e+7 
           2930      2.03551e+7 
           2950      2.01367e+7 
           2970      2.13899e+7 
           2990       2.1443e+7 
           3010       2.2051e+7 
           3030      2.17879e+7 
           3050      2.18279e+7 
           3070      2.22111e+7 
           3090      2.26896e+7 
           3110      2.19188e+7 
           3130      2.17457e+7 
           3150      2.25537e+7 
           3170       2.2459e+7 
           3190      2.07766e+7 
           3210      2.16779e+7 
           3230      2.03436e+7 
           3250      2.15798e+7 
           3270      2.23701e+7 
           3290      2.24237e+7 
           3310      2.29495e+7 
           3330      2.24036e+7 
           3350      2.21184e+7 
           3370      2.16715e+7 
           3390      2.19385e+7 
           3410      2.19897e+7 
           3430      2.22005e+7 
           3450      2.21281e+7 
           3470      2.18278e+7 
           3490      2.18539e+7 
           3510      2.23538e+7 
           3530      2.20822e+7 
           3550      2.29814e+7 
           3570        2.162e+7 
           3590      2.14408e+7 
           3610       2.1602e+7 
           3630      2.18112e+7 
           3640      2.15044e+7 
           3650      2.27596e+7 
           3670      2.24611e+7 
           3690      2.15384e+7 
           3710      2.23655e+7 
           3730      2.25939e+7 
           3750      2.75237e+7 
           3770      2.95544e+7 
           3790      3.54304e+7 
           3810      4.07196e+7 
           3830      3.25113e+7 
           3850      4.44808e+7 
           3870      4.92088e+7 
           3890      3.08091e+7 
           3910      4.86779e+7 
           3930      4.00442e+7 
           3950      4.78975e+7 
           3970       2.7787e+7 
           3990      4.86245e+7 
           4010       5.4007e+7 
           4030      5.39734e+7 
           4050      5.32395e+7 
           4070      5.10756e+7 
           4090      4.25307e+7 
           4110      3.34778e+7 
           4130       4.9461e+7 
           4150      5.23606e+7 
           4170      5.21369e+7 
           4190      5.16467e+7 
           4210      5.16354e+7 
           4230      5.01061e+7 
           4250      5.06095e+7 
           4270      4.87151e+7 
           4290      4.88434e+7 
           4310        4.484e+7 
           4330      3.68514e+7 
           4350      3.17948e+7 
           4370      4.62211e+7 
           4390      4.71771e+7 
           4410      4.65874e+7 
           4430      4.60409e+7 
           4450      4.66573e+7 
           4470      4.65461e+7 
           4490      4.60913e+7 
           4510      4.74116e+7 
           4530      4.53451e+7 
           4550      4.48418e+7 
           4570      4.62253e+7 
           4590      4.44535e+7 
           4610      4.52066e+7 
           4630      4.40068e+7 
           4650      4.42425e+7 
           4670       4.4241e+7 
           4690      4.25849e+7 
           4710      4.09774e+7 
           4730      4.28209e+7 
           4750      4.26997e+7 
           4770      4.20162e+7 
           4790      4.15249e+7 
           4810      4.06249e+7 
           4830      3.88843e+7 
           4850      3.11041e+7 
           4870      2.51991e+7 
           4890      3.65306e+7 
           4910      3.83042e+7 
           4930      3.79043e+7 
           4950      3.86349e+7 
           4970      3.88309e+7 
           4990      3.73203e+7 
           5010      3.61301e+7 
           5030      3.71431e+7 
           5050      3.64626e+7 
           5070        3.704e+7 
           5090      3.64296e+7 
           5110      3.64092e+7 
           5130      3.56462e+7 
           5150      3.48527e+7 
           5170      3.41649e+7 
           5190      3.38016e+7 
           5210      3.39464e+7 
           5230      3.37081e+7 
           5250      3.42048e+7 
           5270      3.20016e+7 
           5290      3.33945e+7 
           5310      3.30527e+7 
           5330      3.17414e+7 
           5350      3.26246e+7 
           5370      3.22373e+7 
           5390      3.19282e+7 
           5410      3.11844e+7 
           5430      3.13907e+7 
           5450      3.14728e+7 
           5470      3.10666e+7 
           5490      3.08819e+7 
           5510      3.06943e+7 
           5530      3.03543e+7 
           5550      3.03501e+7 
           5570      2.98204e+7 
           5590      2.94712e+7 
           5610       2.9429e+7 
           5630      2.94069e+7 
           5650      2.90822e+7 
           5670      2.86102e+7 
           5690      2.86003e+7 
           5710      2.83125e+7 
           5730      2.85087e+7 
           5750      2.80145e+7 
           5770      2.78931e+7 
           5790      2.75838e+7 
           5810      2.74456e+7 
           5830       2.7293e+7 
           5850      2.69416e+7 
           5870      2.67573e+7 
           5890      2.61284e+7 
           5910      2.63273e+7 
           5930      2.61125e+7 
           5950      2.59138e+7 
           5970      2.57309e+7 
           5990      2.54282e+7 
           6010      2.50798e+7 
           6030      2.49645e+7 
           6050      2.48604e+7 
           6070      2.47572e+7 
           6090      2.44587e+7 
           6110      2.41758e+7 
           6130      2.37185e+7 
           6150      2.33862e+7 
           6170      2.32497e+7 
           6190      2.35087e+7 
           6210      2.33487e+7 
           6230      2.29991e+7 
           6250      2.24153e+7 
           6270      2.28072e+7 
           6290      2.26396e+7 
           6310      2.22332e+7 
           6330      2.21438e+7 
           6350      2.18419e+7 
           6370      2.17087e+7 
           6390      2.16644e+7 
           6410      2.12919e+7 
           6430      2.12362e+7 
           6450      2.08484e+7 
           6470      2.08205e+7 
           6490      2.04321e+7 
           6510       2.0289e+7 
           6530      1.96648e+7 
           6550      1.72153e+7 
           6570      1.38867e+7 
           6590       1.8578e+7 
           6610      1.94556e+7 
           6630      1.95792e+7 
           6650      1.95144e+7 
           6670      1.93501e+7 
           6690      1.93112e+7 
           6710      1.91586e+7 
           6730      1.90366e+7 
           6750      1.87776e+7 
           6770      1.87819e+7 
           6790      1.86232e+7 
           6810      1.84782e+7 
           6830       1.8312e+7 
           6850      1.81531e+7 
           6870      1.80755e+7 
           6890      1.79485e+7 
           6910      1.78029e+7 
           6930      1.76587e+7 
           6950      1.75369e+7 
           6970       1.7393e+7 
           6990      1.72898e+7 
           7010      1.70034e+7 
           7030       1.6967e+7 
           7050      1.68846e+7 
           7070      1.67643e+7 
           7090      1.66436e+7 
           7110      1.62297e+7 
           7130      1.62936e+7 
           7150      1.61982e+7 
           7170      1.60698e+7 
           7190      1.59084e+7 
           7210      1.58485e+7 
           7230      1.57307e+7 
           7250      1.55975e+7 
           7270      1.55602e+7 
           7290      1.53389e+7 
           7310      1.52853e+7 
           7330      1.51754e+7 
           7350      1.51208e+7 
           7370      1.50222e+7 
           7390      1.48286e+7 
           7410      1.46402e+7 
           7430       1.4541e+7 
           7450      1.44835e+7 
           7470      1.43337e+7 
           7490      1.42674e+7 
           7510      1.42216e+7 
           7530      1.41421e+7 
           7550      1.40937e+7 
           7570      1.39615e+7 
           7590      1.38782e+7 
           7610      1.37702e+7 
           7630      1.36865e+7 
           7650      1.35635e+7 
           7670      1.33808e+7 
           7690      1.33387e+7 
           7710      1.32436e+7 
           7730      1.32023e+7 
           7750      1.30696e+7 
           7770      1.27697e+7 
           7790      1.29556e+7 
           7810      1.28455e+7 
           7830      1.26951e+7 
           7850      1.25779e+7 
           7870      1.25177e+7 
           7890      1.24144e+7 
           7910      1.23216e+7 
           7930      1.21859e+7 
           7950      1.21157e+7 
           7970      1.21623e+7 
           7990        1.199e+7 
           8010      1.19584e+7 
           8030      1.18556e+7 
           8050       1.1795e+7 
           8070       1.1721e+7 
           8090      1.16229e+7 
           8110      1.15896e+7 
           8130       1.1527e+7 
           8150      1.14421e+7 
           8170      1.13653e+7 
           8190      1.11133e+7 
           8210      1.10861e+7 
           8230      1.10083e+7 
           8250      1.09611e+7 
           8270      1.10128e+7 
           8290      1.09285e+7 
           8310      1.08236e+7 
           8330      1.06598e+7 
           8350      1.07007e+7 
           8370       1.0655e+7 
           8390      1.05314e+7 
           8410      1.04958e+7 
           8430       1.0393e+7 
           8450      1.01935e+7 
           8470      1.01481e+7 
           8490      1.01991e+7 
           8510      9.68303e+6 
           8530      1.01083e+7 
           8550      8.94949e+6 
           8570      1.01429e+7 
           8590      9.59849e+6 
           8610      9.38929e+6 
           8630      1.00636e+7 
           8650      9.74269e+6 
           8670      8.17021e+6 
           8690       9.6562e+6 
           8710      1.00107e+7 
           8730      9.68704e+6 
           8750       8.0279e+6 
           8770      9.33683e+6 
           8790      9.86974e+6 
           8810      9.86869e+6 
           8830      9.59258e+6 
           8850      8.80757e+6 
           8870      7.65031e+6 
           8890      9.27096e+6 
           8910      9.58433e+6 
           8930      9.59483e+6 
           8950      9.63713e+6 
           8970      9.45749e+6 
           8990      9.07565e+6 
           9010      7.44319e+6 
           9030      8.12036e+6 
           9050      9.05643e+6 
           9070      9.04585e+6 
           9090      8.94044e+6 
           9110      9.13408e+6 
           9130      9.17728e+6 
           9150      9.13809e+6 
           9170      9.00196e+6 
           9190      8.77591e+6 
           9210      8.18622e+6 
           9230      6.60173e+6 
           9250      7.89015e+6 
           9270      8.36907e+6 
           9290      8.67485e+6 
           9310      8.70022e+6 
           9330      8.65951e+6 
           9350      8.63282e+6 
           9370      8.59646e+6 
           9390      8.49876e+6 
           9410      8.18316e+6 
           9430      8.33954e+6 
           9450       8.2967e+6 
           9470      8.26966e+6 
           9490      8.16248e+6 
           9510      7.92573e+6 
           9530      7.34372e+6 
           9550      6.03743e+6 
           9570      7.37172e+6 
           9590      7.77398e+6 
           9610      7.80489e+6 
           9630       7.7392e+6 
           9650      7.81232e+6 
           9670      7.70068e+6 
           9690      7.68416e+6 
           9710      7.75365e+6 
           9730       7.7047e+6 
           9750      7.60058e+6 
           9770      7.61845e+6 
           9790      7.56886e+6 
           9810      7.52905e+6 
           9830      7.47074e+6 
           9850      7.39114e+6 
           9870       7.3415e+6 
           9890      7.25753e+6 
           9910      7.22365e+6 
           9930      7.21178e+6 
           9950      7.15883e+6 
           9970      7.10853e+6 
           9990      7.01517e+6 
          10025      6.41751e+6 
          10075      6.10455e+6 
          10125      6.70846e+6 
          10175      6.69799e+6 
          10225      6.64886e+6 
          10275      6.56896e+6 
          10325      6.44683e+6 
          10375      6.36561e+6 
          10425      6.27523e+6 
          10475      6.11109e+6 
          10525      6.06507e+6 
          10575      5.98596e+6 
          10625      5.90471e+6 
          10675      5.70871e+6 
          10725       5.6972e+6 
          10775      5.62237e+6 
          10825      5.51816e+6 
          10875       5.3742e+6 
          10925      4.60388e+6 
          10975      4.97706e+6 
          11025      5.23237e+6 
          11075      5.21717e+6 
          11125      5.14114e+6 
          11175      5.07684e+6 
          11225      5.02245e+6 
          11275      4.86599e+6 
          11325       4.8099e+6 
          11375      4.79158e+6 
          11425      4.69664e+6 
          11475      4.69469e+6 
          11525      4.63674e+6 
          11575      4.56668e+6 
          11625      4.44859e+6 
          11675      4.36636e+6 
          11725       4.3958e+6 
          11775      4.24821e+6 
          11825       4.2331e+6 
          11875      4.15051e+6 
          11925      4.17779e+6 
          11975      4.06731e+6 
          12025      4.04555e+6 
          12075      3.98187e+6 
          12125      3.93627e+6 
          12175      3.90555e+6 
          12225      3.84922e+6 
          12275      3.79216e+6 
          12325      3.74831e+6 
          12375      3.70603e+6 
          12425      3.66847e+6 
          12475       3.6149e+6 
          12525      3.56255e+6 
          12575      3.49714e+6 
          12625      3.46356e+6 
          12675      3.42621e+6 
          12725      3.36676e+6 
          12775       3.2112e+6 
          12825      2.74507e+6 
          12875      3.15945e+6 
          12925      3.20226e+6 
          12975      3.18392e+6 
          13025      3.15262e+6 
          13075      3.12348e+6 
          13125      3.07632e+6 
          13175      3.02958e+6 
          13225      3.01061e+6 
          13275      2.97086e+6 
          13325      2.93885e+6 
          13375      2.90218e+6 
          13425      2.86868e+6 
          13475      2.83436e+6 
          13525      2.79285e+6 
          13575      2.75514e+6 
          13625      2.73333e+6 
          13675      2.69666e+6 
          13725      2.64125e+6 
          13775      2.62787e+6 
          13825      2.59963e+6 
          13875      2.58074e+6 
          13925      2.53717e+6 
          13975      2.51346e+6 
          14025      2.48465e+6 
          14075      2.46094e+6 
          14125      2.42505e+6 
          14175      2.40272e+6 
          14225      2.36799e+6 
          14275      2.33664e+6 
          14325      2.31943e+6 
          14375      2.29768e+6 
          14425      2.21931e+6 
          14475      2.24123e+6 
          14525      2.18975e+6 
          14570      2.18991e+6 
          14620      2.15962e+6 
          14675      2.14119e+6 
          14725      2.10947e+6 
          14775      2.07866e+6 
          14825      2.06311e+6 
          14875       2.0285e+6 
          14925      2.03184e+6 
          14975      2.00166e+6 
          15025      1.97101e+6 
          15075      1.94668e+6 
          15125      1.94042e+6 
          15175      1.92013e+6 
          15225      1.89502e+6 
          15275      1.87473e+6 
          15325      1.85176e+6 
          15375      1.83448e+6 
          15425      1.79601e+6 
          15475      1.78993e+6 
          15525      1.77263e+6 
          15575      1.72959e+6 
          15625      1.74986e+6 
          15675      1.69885e+6 
          15725      1.65836e+6 
          15775      1.68116e+6 
          15825      1.67011e+6 
          15875      1.54659e+6 
          15925      1.61622e+6 
          15975      1.63313e+6 
          16050      1.57959e+6 
          16150      1.49148e+6 
          16250      1.55778e+6 
          16350      1.47354e+6 
          16450      1.37814e+6 
          16550      1.46523e+6 
          16650      1.43804e+6 
          16750      1.34572e+6 
          16850      1.25386e+6 
          16950       1.3472e+6 
          17050      1.31952e+6 
          17150      1.29585e+6 
          17250      1.24744e+6 
          17350      1.09513e+6 
          17450      1.17657e+6 
          17550      1.18325e+6 
          17650      1.16143e+6 
          17750      1.14238e+6 
          17850      1.11761e+6 
          17950        1.098e+6 
          18050      1.06133e+6 
          18150          941360 
          18250          991588 
          18350      1.00659e+6 
          18450          989042 
          18550          966408 
          18650          938018 
          18750          825251 
          18850          895867 
          18950          886942 
          19050          881714 
          19150          864227 
          19250          845400 
          19350          816683 
          19450          721996 
          19550          786871 
          19650          783771 
          19750          769246 
          19850          757776 
          19950          743809 
          20050          730843 
          20150          718123 
          20250          703736 
          20350          689568 
          20450          679686 
          20550          667074 
          20650          653377 
          20750          642440 
          20850          631438 
          20950          619503 
          21050          608902 
          21150          596683 
          21250          586340 
          21350          576141 
          21450          566215 
          21550          550044 
          21650          489090 
          21750          526016 
          21850          527002 
          21950          521306 
          22050          510915 
          22150          502413 
          22250          495707 
          22350          487406 
          22450          479341 
          22550          469298 
          22650          462975 
          22750          455706 
          22850          448037 
          22950          440464 
          23050          434375 
          23150          427075 
          23250          420699 
          23350          413723 
          23450          407454 
          23550          401026 
          23650          394860 
          23750          388075 
          23850          382085 
          23950          376392 
          24050          370319 
          24150          364443 
          24250          359136 
          24350          353132 
          24450          347942 
          24550          342180 
          24650          337204 
          24750          331882 
          24850          326696 
          24950          320229 
          25050          318086 
          25150          313208 
          25250          305279 
          25350          303789 
          25450          300032 
          25550          294198 
          25650          284471 
          25750          286214 
          25850          282375 
          25950          279005 
          26050          271593 
          26150          259257 
          26250          240976 
          26350          258217 
          26450          259176 
          26550          255918 
          26650          249816 
          26750          235395 
          26850          243542 
          26950          242853 
          27050          239774 
          27150          236723 
          27250          233421 
          27350          229869 
          27450          225297 
          27550          209574 
          27650          213801 
          27750          216901 
          27850          214919 
          27950          212462 
          28050          209605 
          28150          206768 
          28250          203966 
          28350          201311 
          28450          197999 
          28550          194844 
          28650          188144 
          28750          175621 
          28850          185766 
          28950          185065 
          29050          183356 
          29150          180681 
          29250          178488 
          29350          176364 
          29450          174039 
          29550          171858 
          29650          169664 
          29750          167469 
          29850          165360 
          29950          163144 
          30050          161005 
          30150          158596 
          30250          155639 
          30350          144676 
          30450          146373 
          30550          150159 
          30650          149036 
          30750          147519 
          30850          145440 
          30950          143801 
          31050          142029 
          31150          139899 
          31250          138531 
          31350          136851 
          31450          135186 
          31550          133642 
          31650          132174 
          31750          130397 
          31850          129012 
          31950          127467 
          32100          125149 
          32300          122275 
          32500          119377 
          32700          116290 
          32900          107717 
          33100          109205 
          33300          108213 
          33500          105988 
          33700          103410 
          33900          101141 
          34100         98908.7 
          34300         96842.9 
          34500         94852.8 
          34700           92730 
          34900         90745.4 
          35100         88781.7 
          35300         86847.2 
          35500         84992.7 
          35700         83126.8 
          35900         81390.4 
          36100         79644.1 
          36300         78036.9 
          36500         76276.5 
          36700         74761.9 
          36900         72888.5 
          37100         71499.9 
          37300         68357.8 
          37500           66133 
          37700         67270.1 
          37900         66068.9 
          38100         64463.8 
          38300         63288.9 
          38500         62302.6 
          38700         60988.6 
          38900         59683.3 
          39100         57982.9 
          39300         57520.9 
          39500         56454.5 
          39700         55416.3 
          39900         54166.5 
          40100         52666.9 
          40300         51456.7 
          40500         48981.3 
          40700         50095.3 
          40900         49361.1 
          41100         48551.7 
          41300         47647.5 
          41500         46535.3 
          41700         44480.5 
          41900         44799.2 
          42100         44136.6 
          42300         43454.9 
          42500         42654.8 
          42700         41898.7 
          42900         41148.6 
          43100         40410.8 
          43300         39670.6 
          43500         38878.6 
          43700         37012.4 
          43900           37147 
          44100         36897.9 
          44300         36310.3 
          44500         35682.2 
          44700         35105.1 
          44900         34466.2 
          45100         33885.2 
          45300         33305.7 
          45500         32742.4 
          45700         32173.4 
          45900           31620 
          46100         31089.1 
          46300         30471.5 
          46500         28608.7 
          46700           28264 
          46900         28867.8 
          47100         28587.5 
          47300         28154.3 
          47500         27690.6 
          47700         27250.3 
          47900         26822.9 
          48100         26395.1 
          48300         26000.9 
          48500         25585.2 
          48700         25178.5 
          48900         24780.7 
          49100           24387 
          49300         24005.1 
          49500         23631.7 
          49700         23246.6 
          49900         22909.4 
          50100         22545.2 
          50300         22171.2 
          50500         21864.5 
          50700         21506.2 
          50900         21138.3 
          51100         20709.1 
          51300         19631.8 
          51500           20133 
          51700         19890.2 
          51900         19640.6 
          52100         19362.5 
          52300           19081 
          52500         18769.2 
          52700         18466.9 
          52900         18252.2 
          53100         17986.7 
          53300           17726 
          53500           17466 
          53700         17146.7 
          53900         16906.9 
          54100         16722.9 
          54300         16478.6 
          54500         16248.8 
          54700         16009.3 
          54900         15789.1 
          55100         15523.3 
          55300         15248.6 
          55500           15123 
          55700         14922.3 
          55900         14701.2 
          56100         14511.6 
          56300         14311.2 
          56500         14116.8 
          56700         13921.3 
          56900         13703.8 
          57100         13398.8 
          57300         13321.5 
          57500         13181.2 
          57700         13002.8 
          57900         12825.5 
          58100           12657 
          58300         12488.2 
          58500         12323.7 
          58700         12137.2 
          58900         11899.6 
          59100         11302.5 
          59300         11606.7 
          59500         11337.3 
          59700           11290 
          59900         11214.7 
          60100         11091.2 
          60300         10955.6 
          60500         10814.3 
          60700         10673.6 
          60900         10535.6 
          61100         10393.1 
          61300         10271.2 
          61500         10142.8 
          61700         10013.8 
          61900         9884.28 
          62100         9764.36 
          62300         9632.27 
          62500         9510.05 
          62700         9352.69 
          62900         9041.35 
          63100          9102.6 
          63300         9042.82 
          63500         8943.62 
          63700         8837.04 
          63900         8728.28 
          64200         8571.31 
          64600         8363.31 
          65000         8162.42 
          65400         7971.12 
          65800         7781.92 
          66200         7598.42 
          66600         7421.87 
          67000         7248.86 
          67400          7055.5 
          67800          6781.7 
          68200         6753.81 
          68600         6607.16 
          69000         6456.96 
          69400         6310.69 
          69800         6171.62 
          70200         6034.13 
          70600         5901.26 
          71000         5771.93 
          71400         5646.65 
          71800         5523.83 
          72200         5400.85 
          72600         5282.19 
          73000         5175.95 
          73400         5065.35 
          73800         4959.23 
          74200         4842.79 
          74600         4618.93 
          75000         4476.68 
          75400         4533.22 
          75800         4462.77 
          76200         4373.19 
          76600         4284.18 
          77000         4197.09 
          77400         4111.56 
          77800         4012.69 
          78200         3948.66 
          78600         3871.67 
          79000         3795.13 
          79400          3720.3 
          79800         3647.31 
          80200         3575.86 
          80600         3506.49 
          81000         3439.28 
          81400          3354.5 
          81800         3299.76 
          82200         3245.79 
          82600          3184.4 
          83000         3124.32 
          83400         3064.57 
          83800         3007.07 
          84200         2951.82 
          84600         2897.92 
          85000          2844.8 
          85400         2792.38 
          85800         2741.43 
          86200         2689.84 
          86600         2615.01 
          87000         2589.73 
          87400         2512.76 
          87800         2468.22 
          88200         2458.09 
          88600         2415.26 
          89000         2372.77 
          89400         2331.36 
          89800         2290.22 
          90200         2250.83 
          90600         2212.09 
          91000         2173.49 
          91400         2136.38 
          91800          2100.1 
          92200         2064.45 
          92600         2029.39 
          93000         1995.29 
          93400         1960.49 
          93800         1901.11 
          94200         1888.06 
          94600         1865.18 
          95000         1834.35 
          95400         1803.65 
          95800         1774.78 
          96200         1745.56 
          96600         1717.45 
          97000         1689.66 
          97400         1661.99 
          97800         1635.54 
          98200         1609.12 
          98600         1582.88 
          99000         1558.77 
          99400         1534.01 
          99800         1509.79 
         100200         1486.13 
         200000         95.4257 
         400000         5.94809 
         600000         1.16556 
         800000        0.366047 
         1.0e+6        0.148944 
         1.2e+6       0.0714139 
         1.4e+6       0.0383533 
         1.6e+6       0.0223801 
